313
520
377
257
191
255
317
524
254
258
253
411
252
163
260
198
262
168
497
74
202
196
193
136
247
264
569
456
458
266
241
534
140
76
250
799
373
437
78
142
206
384
689
320
87
296
378
143
352
207
529
79
356
310
308
147
201
354
81
268
205
379
51
340
85
368
412
589
398
444
621
249
504
84
518
499
316
155
104
793
502
548
148
366
213
246
187
546
364
541
328
562
559
536
594
522
188
304
476
806
624
478
303
576
566
436
544
619
243
514
388
604
525
372
374
128
542
617
649
802
432
609
490
679
336
464
794
568
469
654
362
209
664
329
424
601
98
457
615
450
582
612
665
818
725
878
68
153
662
38
732
723
93
40
41
888
721
672
727
25
697
673
826
101
674
92
781
656
32
670
751
44
91
676
669
492
714
731
482
657
95
423
361
35
57
759
598
154
739
774
717
834
637
836
706
181
766
741
894
738
263
796
747
864
808
856
811
150
271
868
431
713
866
757
785
96
813
862
858
705
819
843
820
659
861
821
853
430
809
19
898
16
259
501
14
30
360
446
540
420
860
131
556
149
603
554
486
58
144
59
876
715
846
416
479
886
651
740
660
883
873
324
77
42
2
180
550
24
23
8
841
34
245
375
425
135
330
449
129
282
190
441
880
735
611
86
474
506
753
261
712
840
748
7
