718
355
1303
419
125
406
342
1185
1057
1012
1225
1400
1255
1070
82
250
799
967
265
457
803
142
1433
109
1040
630
331
477
118
106
391
1140
965
606
901
1481
628
1235
530
1124
909
220
268
695
177
1165
67
725
1228
1200
363
772
1197
209
11
638
244
1240
425
213
1300
1277
264
456
786
410
703
1162
1355
922
288
1065
422
870
617
1371
682
89
21
868
1201
358
105
1103
258
325
1333
1077
1349
297
950
345
129
85
932
1092
1251
388
1428
256
639
1011
415
161
1202
1034
1095
372
994
246
491
641
624
991
1499
1373
1195
414
359
1134
1237
1268
381
538
216
1020
1293
674
1325
895
992
1186
888
23
622
587
756
1105
459
123
43
1016
449
669
1002
545
987
817
554
1359
497
610
1062
365
151
330
140
