994
1332
1468
288
874
1234
1345
1114
877
1423
1111
757
1117
1477
871
751
1456
268
1119
637
631
868
865
979
628
1354
985
1474
788
1108
1351
730
511
1336
517
340
862
493
859
198
742
853
1527
1096
622
1160
502
151
1348
391
1099
505
271
1084
1219
1557
856
382
1093
1087
733
1090
222
265
967
145
992
1210
613
397
1339
522
1447
499
970
616
1222
1453
1450
727
274
490
847
724
373
1576
376
1428
607
1444
256
142
139
300
1324
1163
964
196
427
76
1441
642
1459
402
405
285
620
165
318
162
1063
45
1186
1288
961
210
887
90
1270
93
1543
1540
1162
1254
74
698
802
706
107
514
95
1357
1550
241
1321
325
958
62
1545
1368
1206
1278
71
81
1533
976
715
1190
10
371
254
1521
166
1029
88
1268
1598
485
17
407
498
973
1379
344
1524
1512
519
610
640
759
78
400
588
394
1262
27
941
252
885
735
554
850
623
605
1218
1146
1041
1479
1
801
1530
1554
1548
495
429
778
138
949
1174
1116
713
22
191
94
1373
1143
8
783
749
1167
489
841
