276
51
49
256
111
71
216
88
152
176
48
112
44
172
108
150
31
114
149
46
212
84
94
147
308
332
43
232
104
278
189
74
252
188
124
76
164
36
146
82
78
118
54
194
66
81
198
134
98
292
121
234
196
291
201
290
352
293
350
316
26
156
37
163
336
203
364
221
374
241
266
228
141
294
281
356
138
282
372
211
348
227
368
366
267
326
358
205
264
321
298
323
341
225
378
361
398
199
344
386
181
39
3
11
394
305
280
381
1
21
238
6
390
34
270
80
14
250
7
328
333
110
258
397
382
161
185
105
299
179
117
359
19
41
263
10
