501
228
451
100
419
526
576
369
442
506
378
591
426
376
231
578
579
353
517
276
581
201
583
539
454
326
572
301
505
584
503
8
472
585
408
597
420
533
195
380
455
88
457
522
192
586
458
460
588
462
335
463
510
407
40
412
589
251
465
106
403
467
470
619
278
469
357
492
542
212
358
308
283
360
537
385
26
233
183
593
514
184
544
330
133
176
414
545
523
279
394
389
447
397
38
364
344
199
521
391
398
108
135
319
346
193
83
131
296
126
485
136
206
58
314
128
33
264
247
35
342
56
235
268
246
137
103
138
260
153
269
55
265
36
256
37
312
266
263
197
214
172
189
248
140
191
115
78
65
122
42
43
117
119
44
144
97
28
47
51
48
5
575
341
599
524
123
580
347
154
92
622
125
375
124
273
435
577
616
281
45
46
179
348
399
267
476
582
363
49
15
1
594
473
70
566
587
244
298
145
226
84
132
323
448
530
456
261
61
211
