278
406
414
276
404
412
776
402
410
575
336
272
400
416
408
836
398
332
396
832
394
392
212
152
92
418
32
399
452
576
512
572
632
692
752
58
812
292
814
816
296
151
818
820
822
492
824
826
828
830
500
834
588
716
22
218
592
656
158
596
594
590
586
584
582
580
578
98
38
294
358
298
232
172
112
110
108
106
104
102
114
116
118
638
698
478
230
228
226
224
652
766
275
706
712
762
342
838
530
36
286
44
154
462
48
456
696
598
52
236
702
708
220
526
474
312
718
518
348
101
155
206
742
672
695
194
678
322
728
810
208
536
41
56
35
854
876
450
691
860
229
330
571
842
30
880
868
210
864
719
674
466
599
324
376
744
137
767
486
889
46
504
