524
317
150
195
356
67
854
403
52
23
786
761
119
744
855
473
715
157
161
671
225
831
218
313
584
890
757
425
658
69
197
350
563
75
203
364
751
185
840
121
466
764
471
9
137
828
667
731
173
692
787
256
397
732
269
604
670
51
644
577
481
417
58
780
61
853
770
881
497
220
841
248
430
465
540
503
526
187
868
529
117
330
235
129
297
885
250
18
399
335
120
253
699
645
738
609
145
232
741
464
491
564
458
138
402
801
758
626
804
643
601
778
838
93
536
551
501
659
606
407
617
201
624
569
131
483
821
221
449
368
618
229
674
555
527
81
266
773
734
633
683
691
415
893
619
522
792
568
140
295
463
