1512
846
396
1392
854
1402
844
796
1482
860
852
1516
922
858
1508
633
850
856
282
976
848
862
362
864
1500
1436
842
866
868
476
870
1408
872
1002
1340
874
1498
876
716
1082
1162
556
1242
1514
956
1322
762
1036
522
1116
602
1196
16
682
1276
1356
1494
442
202
122
42
1094
636
1504
316
236
1104
156
1519
1510
1506
1502
1496
958
1492
1490
1488
950
1328
1248
1168
630
1088
220
1090
1092
1096
1098
1100
48
1102
744
1106
1108
56
1110
1190
704
1270
1268
1266
154
152
150
148
1511
146
144
142
1138
140
138
136
134
132
130
128
1264
1262
126
1260
1258
1256
1586
1254
210
290
984
370
450
530
610
690
1350
314
312
392
390
388
1384
386
384
382
380
378
376
374
460
540
620
700
365
368
366
542
212
544
624
626
628
632
1034
776
696
361
616
766
926
608
606
1486
76
1330
334
1518
338
536
1424
1118
760
472
534
1028
1354
486
302
798
468
944
1358
1331
72
936
1012
1033
318
1244
64
308
68
788
755
60
1084
216
1416
1020
1041
692
526
792
478
966
206
52
158
638
1194
1245
1390
1333
508
224
930
726
1251
533
44
1407
1404
268
246
1522
1278
1417
1193
740
1388
1227
732
1566
537
670
78
1570
639
900
201
1534
1554
1224
1214
1321
1588
28
8
600
605
1576
1542
41
656
1140
475
272
1161
1480
959
453
504
921
319
102
623
441
972
205
1198
968
1580
986
748
75
631
1085
767
344
1419
1558
