573
268
107
67
420
194
433
305
10
49
113
97
225
52
333
546
216
28
379
17
146
392
294
513
272
577
86
150
7
64
367
147
613
169
322
465
106
242
616
274
285
620
197
286
133
76
530
136
72
340
404
115
101
510
207
526
449
287
91
557
219
469
110
122
360
11
368
384
96
252
457
250
14
606
624
494
560
342
460
344
199
3
42
317
63
94
471
304
184
617
251
284
588
381
256
297
565
170
419
364
132
552
604
269
508
538
509
212
448
587
280
117
6
324
57
592
257
413
395
25
258
418
48
71
488
142
92
502
559
595
397
567
206
443
405
511
143
549
78
431
495
518
409
470
21
458
247
293
81
454
100
498
447
357
59
139
137
