494
1362
884
1097
382
1161
1196
16
511
190
1417
1146
1082
1441
1045
298
145
928
1286
550
1088
1399
228
558
1330
117
836
911
1389
465
1158
749
1440
1007
1357
512
576
1254
837
1272
606
877
411
691
1282
785
722
473
1038
345
167
1267
1300
712
1015
639
1
848
1181
204
534
1486
434
872
1205
1431
885
1036
348
525
244
574
1415
869
118
182
1409
758
267
264
931
14
708
1034
1107
1213
33
878
874
1087
1244
1078
592
88
455
744
171
1376
768
1101
751
1187
23
187
647
1168
7
149
329
999
1349
129
918
324
270
1113
953
969
417
140
1325
110
1025
46
740
405
1132
657
480
998
115
1471
1413
1313
325
1029
824
526
189
1453
608
377
1429
226
240
879
393
1214
1122
1182
13
1461
598
100
789
1207
1353
485
625
122
1174
612
963
181
1049
210
802
59
604
470
416
93
66
816
671
63
131
380
32
1201
1390
428
597
420
762
287
1232
694
233
1118
1017
541
212
1447
947
1473
665
551
653
1284
1052
192
769
902
971
677
966
438
607
483
1156
793
104
786
1042
547
1241
524
354
201
537
450
706
577
1026
644
1474
1211
1256
995
263
249
643
1490
31
1396
1315
757
1133
164
1297
718
1152
293
214
648
441
179
1420
1111
1311
1319
1392
1193
1480
1337
213
673
119
907
1039
886
1095
1443
1098
230
891
78
870
173
331
256
1422
1310
567
528
1023
882
168
1106
48
984
290
720
820
1414
587
851
133
734
829
255
873
554
