818
817
1180
158
819
816
1543
820
821
1416
878
484
814
1537
492
822
815
712
1198
823
475
813
812
1146
811
810
809
1172
1358
808
1556
1118
807
1438
824
998
806
503
825
1188
467
805
804
803
802
176
1558
1164
801
826
166
827
1521
667
828
1551
829
958
500
1545
830
1078
592
831
1165
832
1318
833
834
835
836
837
685
1553
838
1478
800
43
918
1525
1038
465
1158
1238
457
1278
65
1398
1539
1518
183
1557
201
1534
1555
686
1554
684
1552
168
1550
175
1549
1548
193
1526
1547
315
678
1216
1546
1544
1542
160
312
167
1541
1540
307
1538
1329
1536
172
1535
1046
688
1533
1532
529
1052
1531
714
683
1530
174
1529
709
1528
164
1527
521
1524
1044
1523
706
675
1522
1559
1481
1441
46
1401
1361
1321
413
54
1281
547
398
1241
358
1201
1161
278
1121
932
1081
173
1041
1001
961
921
63
922
572
923
1073
924
77
566
925
51
926
1405
927
1286
928
570
929
930
1266
931
574
933
59
934
1285
568
935
936
1294
937
1115
938
939
940
941
942
943
1293
1302
944
945
1123
946
947
948
949
950
1301
951
952
1310
953
954
955
995
705
1035
1075
1155
1195
71
1235
1275
1308
1315
1355
578
1395
271
1435
587
1434
78
1433
1432
1064
1431
68
1430
1070
584
1429
1428
553
263
1427
579
1426
1066
1425
70
1424
1056
1423
1422
1062
576
1421
1420
1068
1419
383
699
1418
190
1058
1417
1048
1415
180
1414
1054
696
1413
361
1412
1060
1411
691
1410
1050
1409
182
1408
395
44
1407
73
1406
920
79
1404
798
267
758
355
718
638
1176
598
558
518
1184
627
478
1306
438
165
318
1106
238
198
118
1072
76
75
74
72
1065
69
67
66
1244
64
1289
62
61
411
60
417
58
57
423
56
55
53
1287
52
409
50
49
415
48
47
45
401
42
41
407
40
1403
107
147
1071
187
565
227
710
347
387
427
507
707
497
704
1190
1053
703
702
701
365
700
698
697
1045
695
694
1232
693
692
690
689
687
682
681
464
641
601
561
481
441
321
281
266
241
161
1369
708
711
1189
1043
713
715
162
1047
163
169
170
1055
171
177
178
1063
179
1049
181
184
185
635
486
595
1249
406
555
515
435
275
573
235
195
155
265
569
264
303
343
463
543
1061
583
582
404
581
580
577
410
575
571
567
564
408
585
524
1167
1312
444
203
364
324
284
285
1129
286
287
288
289
290
291
292
293
294
295
296
297
298
299
300
340
380
420
460
1209
366
412
414
563
416
757
1169
1089
1051
1057
1059
1067
1069
434
433
432
431
430
470
510
550
590
1256
630
390
350
310
270
230
191
192
1083
1163
1324
1166
1204
1284
272
1186
1226
1305
1304
1303
1300
1299
1298
1297
1296
1295
1292
1291
1307
1309
1311
1272
1192
526
1191
418
1175
1174
1173
1177
1178
1179
1181
1182
1183
1171
455
594
593
262
1113
472
956
489
305
1561
490
491
1354
148
393
493
1475
721
345
