101
1161
498
1486
1221
466
1470
789
228
558
1369
14
708
843
971
1409
349
118
377
1429
520
674
88
455
998
1071
1460
7
244
638
1006
725
878
1416
1389
783
898
1203
167
376
1428
1
522
368
1420
565
910
740
110
16
212
542
364
1296
642
982
918
1155
978
1219
1232
1104
810
875
444
289
991
987
1254
1126
517
785
849
1038
1184
1005
226
775
607
70
593
1207
356
637
653
681
1378
1133
1349
525
26
720
385
1467
814
484
1211
230
1098
921
1341
131
972
757
383
1419
751
1101
23
54
1376
1146
941
606
97
962
591
33
293
947
65
1497
263
392
990
551
575
1023
1362
133
382
690
61
1324
719
304
265
10
700
255
1452
439
1256
381
201
932
1046
145
992
610
1424
733
104
793
841
1179
1491
327
153
976
430
1311
427
394
873
441
578
968
208
579
1478
78
311
1480
112
1443
401
687
73
1285
485
114
79
400
235
603
919
832
321
75
1444
363
845
572
644
1403
1188
1286
287
