272
191
63
143
609
432
1420
223
1557
183
1380
1244
64
303
1277
97
1430
225
378
782
452
693
388
227
1278
98
1445
265
62
1031
147
308
460
107
1298
430
302
149
60
229
382
1376
508
1312
621
1103
219
380
789
100
377
1538
307
459
603
454
1386
539
632
999
297
334
181
301
167
312
553
1428
376
1466
619
1057
189
346
193
65
374
310
350
69
1396
71
1290
422
384
623
113
537
618
1464
798
468
581
1218
532
94
453
195
196
616
1078
257
506
712
1198
18
505
1194
198
114
434
531
1478
426
512
502
1500
625
10
497
1190
704
1276
96
1121
972
278
1534
201
354
1304
436
277
437
699
474
355
700
1328
332
614
1529
1042
174
1346
627
1549
175
702
629
781
92
361
1054
696
292
630
200
530
1470
290
610
631
966
91
217
370
736
816
1234
548
1055
171
438
259
516
0
817
556
1374
169
1270
90
1453
975
608
1272
965
606
138
815
250
690
1224
686
691
1359
813
124
605
76
893
118
117
1040
1535
861
511
1532
207
1598
455
1026
819
1342
711
328
633
558
1548
863
1558
1228
865
812
868
707
1382
896
575
410
408
898
634
810
903
127
407
358
205
1202
867
976
1354
635
943
1490
643
1154
947
890
1594
598
1444
247
1034
1521
827
1546
1216
678
726
487
809
715
1211
47
1567
1530
683
755
1130
795
946
1199
525
34
1214
728
1200
204
884
723
1368
677
1476
601
284
791
1436
561
831
1373
1023
930
1003
524
758
406
1308
970
949
364
202
879
874
721
1479
1112
574
441
1134
888
1524
521
1066
1137
1104
409
1102
744
1028
1146
335
1148
1186
938
766
283
1058
1411
1060
1129
980
121
1482
763
731
45
1286
1261
81
1294
1572
887
885
479
112
801
1164
1133
14
708
48
981
950
1292
1182
1131
1262
1139
918
43
952
1527
1032
442
833
1501
656
321
878
1010
1281
54
953
1046
1126
1127
1375
955
1125
1150
1344
806
439
1124
109
956
1454
1340
841
720
1206
1246
1122
1371
1586
1256
1248
1008
921
123
998
1424
733
883
1282
1114
78
1433
1074
1362
961
1442
1038
1504
1361
1502
1377
1506
1556
871
1477
1118
1363
1447
773
1457
252
1487
1522
1542
1156
713
1043
1536
1350
185
1390
1458
443
1358
1356
894
1432
1512
1514
1552
279
1012
1048
77
1
119
1360
1537
1075
235
11
5
488
214
1523
1325
1110
1480
285
327
1140
1018
31
877
1266
607
786
1169
679
504
544
1582
626
27
440
1132
1260
392
1232
93
1314
1147
1550
1037
1136
1540
1446
513
1406
87
1566
1539
1050
1409
641
1024
56
423
572
1174
234
240
860
1254
38
379
1592
864
20
835
891
215
710
551
444
1070
317
805
1585
738
692
840
945
1520
