41
386
551
33
506
34
536
59
806
476
44
236
566
37
446
596
40
407
626
416
593
356
533
45
326
656
151
296
241
266
49
751
768
896
36
686
86
716
206
271
746
32
48
176
121
840
57
776
759
146
181
53
772
836
866
52
116
467
56
58
55
54
748
413
51
50
409
47
46
43
42
401
39
898
38
397
35
31
61
91
211
549
301
331
361
391
421
756
451
481
511
541
203
364
571
601
424
631
661
484
691
721
781
811
841
842
843
844
845
846
847
848
849
850
851
852
853
164
854
855
856
857
858
705
859
198
860
861
862
863
864
74
104
471
134
194
224
554
254
284
251
314
161
344
199
521
374
221
404
581
434
464
641
494
524
317
584
377
614
644
437
674
704
497
734
371
764
765
460
766
767
769
770
771
238
773
84
774
763
762
287
761
760
758
757
755
754
753
778
448
897
538
208
868
838
808
663
718
688
353
658
311
628
293
598
568
508
478
418
388
358
328
298
268
178
148
114
473
144
174
204
202
201
200
197
350
227
257
347
527
557
219
380
587
617
647
677
167
137
290
107
678
679
680
681
682
683
684
64
94
124
154
184
214
244
574
274
304
334
394
559
454
514
544
604
634
664
665
666
667
668
669
670
307
671
611
491
461
431
341
281
191
131
292
130
129
128
127
157
187
217
247
277
337
672
367
427
457
487
517
547
577
607
468
469
110
470
472
503
563
623
443
383
323
291
289
132
218
562
561
560
459
108
548
591
265
610
97
30
109
111
368
369
112
278
439
410
149
308
621
620
