451
36
387
558
483
49
458
433
533
195
356
27
508
408
585
208
383
358
205
38
333
83
308
283
201
354
583
41
233
258
183
30
158
133
44
395
108
58
417
33
32
31
29
28
26
226
34
35
101
37
376
39
40
401
42
43
326
45
46
47
351
176
48
415
276
51
76
126
151
476
251
301
426
501
526
551
576
582
581
404
580
373
579
584
586
587
588
589
412
590
591
592
257
593
594
595
596
597
420
598
599
578
601
562
537
215
512
487
120
462
437
362
337
312
287
262
237
212
187
162
137
290
112
479
111
110
469
113
114
473
115
116
117
118
119
121
122
123
148
173
198
223
248
273
298
323
348
398
423
448
498
523
522
192
521
520
519
518
517
340
516
515
490
527
465
440
390
365
315
265
240
190
191
193
194
220
245
270
295
320
345
370
445
470
336
335
434
435
384
548
54
79
104
129
154
179
204
229
254
279
304
329
379
429
454
504
505
506
236
235
1
432
431
210
155
156
80
310
266
267
292
317
342
367
392
442
357
74
540
511
510
256
242
105
161
172
163
307
