121
274
249
161
314
378
33
201
354
141
294
181
334
221
374
29
317
22
214
254
234
194
238
174
218
26
154
198
134
178
114
158
30
94
138
74
118
54
98
34
32
31
379
28
27
25
24
23
21
375
376
377
35
36
101
318
37
38
58
78
41
258
61
278
81
298
241
261
281
301
321
341
361
373
372
211
371
370
217
369
368
367
366
213
365
364
363
316
381
18
75
49
69
89
109
129
149
169
189
209
229
269
289
309
310
311
312
308
307
306
305
304
284
264
244
224
204
184
164
144
124
104
84
85
86
106
126
146
166
186
206
226
246
343
359
133
132
131
20
177
176
90
91
212
68
135
232
252
272
275
152
191
257
237
43
115
116
71
268
